(122, 5, 1176, 7, 1903, 3, 1928, 4, 1941, 122),
(123, 5, 1176, 2, 1611, 3, 1941, 3, 1933, 123),
(124, 1, 870, 2, 1912, 3, 175, 5, 1904, 124),
(125, 1, 851, 1, 898, 1, 923, 2, 937, 2, 846, 125),
(126, 5, 1902, 6, 1939, 1, 1941, 2, 1933, 126),
(127, 3, 1444, 6, 1939, 1, 1937, 1, 598, 127),
(128, 7, 382, 3, 1611, 1, 1265, 2, 1939, 128),
(129, 1, 1942, 4, 170, 5, 598, 5, 1935, 3, 1514, 129),
(130, 2, 924, 1, 905, 1, 866, 1, 852, 1, 899, 130),
(131, 1, 882, 5, 1903, 4, 1914, 3, 175, 3, 916, 131),
(132, 4, 1903, 7, 175, 3, 170, 3, 1444, 132),
(133, 2, 1272, 1, 863, 2, 862, 1, 1904, 5, 1939, 133),
(134, 3, 1272, 1, 1907, 2, 1444, 3, 1903, 4, 1936, 134),
(135, 2, 1272, 2, 1642, 5, 1903, 4, 1514, 1, 946, 135),
(136, 1, 869, 6, 667, 3, 1628, 4, 1914, 136),
(137, 1, 906, 1, 911, 5, 1218, 7, 1918, 137),
(138, 5, 1289, 2, 862, 1, 1941, 4, 1933, 138),
(139, 6, 1913, 6, 1903, 1, 1265, 2, 1935, 139),
(140, 1, 1935, 1, 1939, 1, 1444, 2, 598, 140),
(141, 1, 927, 3, 921, 3, 904, 1, 1940, 141),
(142, 1, 1906, 1, 1904, 1, 1933, 142),
(143, 3, 1903, 1, 862, 5, 1939, 2, 1933, 143),
(144, 5, 1469, 3, 1903, 3, 1941, 2, 1935, 144),
(145, 2, 1910, 3, 946, 7, 1906, 2, 598, 145),
(146, 1, 1907, 2, 860, 3, 1642, 2, 175, 146),
(147, 1, 1907, 3, 1906, 2, 189, 6, 1939, 147),
(148, 2, 400, 2, 1939, 3, 1902, 148),
(149, 5, 1939, 6, 1502, 3, 1769, 2, 1776, 149),
(150, 7, 1218, 4, 1906, 2, 1444, 3, 1657, 150),
(151, 1, 1907, 3, 1906, 2, 1936, 151),
(152, 4, 1914, 3, 1903, 2, 1444, 6, 1936, 152),
(153, 4, 1904, 4, 1914, 1, 944, 2, 1937, 153),
(154, 4, 1904, 3, 1941, 5, 1939, 1, 598, 154),
(155, 6, 1903, 6, 1904, 3, 189, 4, 1941, 155),
(156, 5, 1904, 1, 189, 3, 1611, 2, 1941, 156),
(157, 1, 863, 5, 1904, 3, 862, 2, 1939, 157),
(158, 5, 1898, 2, 1902, 5, 1514, 2, 598, 1, 1611, 158),
(159, 6, 1905, 2, 1910, 3, 1939, 4, 1906, 159),
(160, 6, 1902, 1, 575, 3, 1937, 1, 598, 160),
(161, 2, 1218, 6, 1936, 1, 598, 2, 1937, 161),
(162, 6, 1905, 1, 1642, 2, 1657, 2, 598, 162),
(163, 3, 1746, 2, 170, 3, 1628, 3, 1549, 163),
(164, 2, 924, 2, 882, 5, 1914, 4, 1444, 164),
(165, 2, 269, 3, 862, 4, 1514, 2, 1549, 5, 1935, 165),
(166, 1, 1943, 3, 1906, 3, 1941, 4, 1939, 166),
(167, 3, 1928, 2, 862, 2, 1941, 6, 1939, 167),
(168, 4, 1903, 6, 1928, 2, 1444, 4, 1611, 168),
(169, 1, 1929, 2, 944, 2, 860, 5, 1514, 169),
(170, 1, 915, 1, 855, 1, 864, 2, 877, 1, 914, 170),
(171, 1, 964, 5, 888, 6, 1289, 6, 1933, 6, 1941, 171),
(172, 4, 1578, 4, 941, 2, 911, 3, 1628, 172),
(173, 1, 857, 1, 884, 1, 898, 1, 877, 173),
(174, 8, 1905, 2, 944, 3, 1657, 4, 860, 174),
(175, 6, 1913, 2, 916, 3, 1642, 7, 1902, 175),
(176, 1, 913, 1, 931, 1, 909, 1, 849, 2, 877, 176),
(177, 8, 1905, 5, 1906, 2, 1444, 2, 175, 4, 1936, 177),
(178, 5, 1905, 4, 1903, 3, 1657, 2, 1514, 178),
(179, 4, 1905, 6, 1903, 2, 1941, 2, 1935, 179),
(180, 1, 924, 7, 1905, 6, 1914, 3, 175, 180),
(181, 5, 1905, 1, 1657, 2, 189, 4, 1939, 181),
(182, 5, 1905, 2, 1906, 2, 1937, 3, 1939, 182),
(183, 1, 857, 1, 906, 2, 882, 1, 895, 2, 863, 183),
(184, 2, 940, 2, 1906, 3, 1611, 3, 1928, 184),
(185, 9, 1906, 3, 1611, 3, 1642, 2, 1928, 185),
(186, 5, 1902, 2, 1935, 5, 1444, 2, 598, 186),
(187, 2, 906, 5, 1905, 4, 1218, 4, 1910, 187),
(188, 3, 1647, 2, 1444, 5, 704, 2, 944, 3, 1935, 188),
(189, 1, 1907, 2, 944, 4, 598, 2, 1933, 189),
(190, 8, 1914, 4, 944, 2, 1933, 2, 1941, 190),
(191, 4, 1671, 6, 1814, 2, 1265, 2, 598, 191),
(192, 2, 1754, 3, 1935, 2, 598, 3, 1444, 2, 873, 192),
(193, 1, 1712, 2, 1905, 2, 175, 3, 598, 4, 1935, 193),
(194, 1, 1712, 1, 924, 2, 189, 2, 1642, 4, 1935, 194),
(195, 1, 1938, 2, 1941, 1, 1905, 2, 1939, 195),
(196, 5, 1597, 3, 1549, 2, 598, 1, 916, 3, 1937, 196),
(197, 1, 1912, 3, 170, 2, 598, 1, 1935, 197),
(198, 1, 1912, 1, 1932, 2, 860, 198),
(199, 1, 1912, 5, 1903, 3, 1937, 3, 1514, 199),
(200, 1, 884, 1, 900, 1, 889, 2, 847, 2, 877, 200),
(201, 5, 1584, 4, 175, 3, 1549, 1, 1657, 1, 946, 201),
(202, 1, 1907, 1, 1935, 2, 598, 202),
(203, 6, 1903, 2, 1933, 2, 1444, 3, 1611, 203),
(204, 2, 853, 1, 855, 1, 854, 1, 903, 1, 928, 204),
(205, 1, 1944, 3, 1906, 3, 1941, 4, 1939, 205),
(206, 1, 922, 1, 934, 1, 917, 1, 878, 2, 888, 206),
(207, 8, 1905, 2, 598, 2, 1514, 2, 916, 207),
(208, 5, 1218, 3, 1914, 2, 944, 2, 862, 2, 598, 208),
(209, 2, 1910, 2, 1514, 2, 598, 3, 1939, 209),
(210, 4, 1754, 3, 1652, 2, 1549, 3, 1937, 4, 1939, 210),
(211, 1, 1912, 3, 1549, 6, 1939, 2, 598, 211),
(212, 1, 1068, 1, 888, 4, 1514, 2, 598, 6, 1939, 212),
(213, 8, 1236, 5, 1514, 2, 598, 5, 1939, 2, 1935, 213),
(214, 7, 1905, 2, 1938, 2, 1642, 3, 1549, 214),
(215, 1, 1912, 4, 1914, 2, 946, 2, 1549, 215),
(216, 5, 1914, 2, 1549, 2, 1935, 1, 598, 216),
(217, 2, 940, 2, 170, 3, 1611, 1, 598, 217),
(218, 2, 1064, 4, 1945, 10, 1941, 2, 1904, 218),
(219, 4, 1911, 4, 1904, 7, 1939, 3, 1928, 219),
(220, 5, 666, 3, 1939, 2, 598, 2, 1933, 220),
(221, 1, 941, 1, 883, 1, 869, 3, 916, 221),
(222, 1, 942, 1, 893, 1, 856, 2, 864, 2, 858, 222),
(223, 1, 1902, 1, 1904, 1, 1933, 1, 1941, 223),
(224, 1, 1068, 6, 1914, 2, 860, 3, 1444, 4, 1657, 224),
(225, 1, 1938, 1, 1611, 1, 1904, 2, 1937, 225),
