2259,
2260,
843,
2261,
844,
2262,
845,
2263,
846,
2264,
847,
2265,
848,
2266,
849,
2267,
850,
2268,
851,
2269,
852,
2270,
853,
2271,
854,
2272,
855,
2273,
856,
2274,
857,
2275,
858,
2276,
859,
2277,
860,
861,
862,
863,
1945,
864,
2278,
865,
2279,
866,
2280,
867,
2281,
868,
2282,
869,
2283,
870,
2284,
871,
2285,
872,
2286,
873,
2287,
874,
2288,
875,
2289,
876,
2290,
877,
2291,
878,
2292,
879,
880,
2293,
881,
2294,
882,
2295,
883,
2296,
884,
2297,
886,
2298,
887,
888,
2299,
889,
2300,
890,
2301,
891,
2302,
892,
2303,
893,
2304,
894,
895,
2305,
896,
2306,
897,
898,
2307,
899,
2308,
900,
2309,
901,
2310,
902,
2311,
903,
2312,
904,
2313,
905,
2314,
906,
2315,
907,
2316,
908,
909,
2317,
910,
2318,
911,
2319,
912,
2320,
913,
2321,
914,
2322,
915,
2323,
916,
917,
2324,
918,
2325,
919,
2326,
920,
2327,
921,
2328,
922,
2329,
923,
2330,
924,
2331,
925,
926,
927,
928,
2332,
929,
2333,
930,
2334,
931,
2335,
932,
2336,
933,
2337,
934,
2338,
935,
2339,
936,
2340,
937,
2341,
938,
2342,
939,
940,
2343,
941,
2344,
942,
2345,
943,
2346,
944,
945,
2347,
946,
