5, 1, 1, 10,
5, 10, 5, 1,
5, 1, 1, 1,
2, 1,
2, 1,
2, 1,
2, 1,
2, 1,
2, 1,
2, 1,
2, 1,
2, 1,
2, 1,
2, 1,
2, 1,
2, 1,
2, 1,
2, 1,
2, 1,
2, 1,
2, 1,
2, 1,
2, 1,
2, 1,
2, 1,
2, 1,
2, 1,
2, 1,
2, 1,
2, 1,
2, 1,
2, 1,
2, 1,
2, 1,
2, 1,
2, 1,
2, 1,
2, 1,
2, 1,
2, 1,
2, 1,
2, 1,
2, 1,
2, 1,
2, 1,
2, 1,
2, 1,
2, 1,
2, 1,
2, 1,
2, 1,
2, 1,
2, 1,
2, 1,
2, 1,
2, 1,
2, 1,
2, 1,
2, 1,
2, 1,
2, 1,
2, 1,
2, 1,
2, 1,
2, 1,
2, 1,
2, 1,
2, 1,
2, 1,
2, 1,
2, 1,
2, 1,
2, 1,
2, 1,
2, 1,
2, 1,
2, 1,
2, 1,
2, 1,
2, 1,
5,
10,
3, 1,
1,
1,
1,
1,
1,
1,
1,
1,
1,
1,
1,
1,
1,
1,
1,
1,
1,
1,
1,
1,
1,
1,
1,
1,
1,
1,
1,
1,
1,
1,
1,
1,
20, 20,
20,
10,
20,
20,
40,
40,
25,
15,
15,
50,
40,
40,
15, 15,
40,
5,
10,
1, 1,
1, 1,
1, 1,
1,
1,
1,
3, 3, 3, 1,
5,
10,
5,
2, 10,
1, 1,
1, 1,
1, 1,
1, 1,
1, 1,
1, 1,
2,
1, 20,
2,
1,
1,
1,
1,
1,
1,
7, 3,
10, 1,
1,
5,
5, 5,
3, 1,
10,
5, 5,
3, 1,
1, 1,
3, 2,
5, 1,
5, 1,
50, 10, 1,
50, 10, 1,
5,
10,
1,
20, 100,
1, 1,
1, 1,
1, 1,
1, 1,
1, 1,
3,
30, 1,
300, 2,
1, 1,
1, 1,
1, 1,
1, 1,
1, 1,
1, 1,
3,
30, 1,
300, 2,
1, 2,
1, 2,
3,
10,
1, 1,
1,
1,
1,
10,
5,
1, 1,
1, 1,
1, 1,
3, 1,
1,
5,
1,
1,
1,
1,
1,
1,
1,
1,
1,
1,
1,
1,
1,
1,
1,
1,
1,
1,
1,
1,
1,
1,
1,
1,
1,
1,
1,
1,
1,
1,
1,
1,
1,
1,
1,
1,
1,
1,
1,
1,
1,
1,
1,
1,
1,
1,
1,
1,
1,
1,
1,
1,
1,
1,
1,
1,
1,
1,
1,
1,
1,
1,
1,
1,
1,
1,
1,
1,
1,
1,
1,
1,
1,
1,
1,
1,
1,
1,
1,
1,
1,
1,
1,
1,
1,
1,
1,
1,
1,
1,
1,
1,
1,
1,
1,
1,
1,
1,
1,
1,
1,
1,
1,
1,
1,
1,
1,
1,
1,
1,
1,
1,
1,
1,
1,
1,
1,
1,
1,
1,
1,
1,
1,
1,
1,
1,
1,
5,
10,
3, 1,
3, 1,
3, 1,
3, 1,
3, 1,
3, 1,
3, 1,
3, 1,
3, 1,
3, 1,
3, 1,
3, 1,
3, 1,
3, 1,
3, 1,
3, 1,
3, 1,
3, 1,
3, 1,
3, 1,
3, 1,
5,
1,
5, 1, 10,
5, 5,
3, 1, 3, 1,
5,
5,
5,
5,
5,
3, 1,
10,
10,
10,
10,
10,
10,
10,
10,
5,
10,
10,
5,
7, 3,
1,
1,
1,
1,
1,
1,
1,
1, 1,
3, 3, 3, 1,
3, 1,
1,
10,
7, 3,
10, 1,
3, 1,
3, 1,
3, 1,
3, 1,
3, 1,
3, 1,
10, 1,
5,
3, 1,
1,
3, 1, 1,
3, 1, 1,
3, 1, 1,
3, 1, 1,
3, 1, 1,
3, 1, 1,
3, 1, 1,
3, 1, 1,
3, 1, 1,
1,
1,
5,
5,
5,
10, 10,
50,
5,
10, 1,
3, 1,
3, 1,
3, 1,
3, 1,
3, 1,
3, 1,
3, 1,
1, 1,
1, 1,
1, 1,
1, 1,
1, 1,
3,
30, 1,
300, 2,
1, 1,
1, 1,
1, 1,
1, 1,
1, 1,
1, 1,
3,
30, 1,
300, 2,
3,
3,
3,
3, 1,
7, 3,
5,
5,
5,
5,
5,
3,
3,
3,
3,
3,
1,
1,
1,
1,
1,
5,
5,
5,
5,
1, 1,
10,
25, 5,
25, 5,
25, 5,
25, 5,
25, 5,
1, 1, 5, 10,
1, 1,
5,
25, 25,
5,
10,
5,
5,
5,
10,
10, 1,
1,
15, 5, 50, 1,
5,
10,
60,
25,
35,
20,
30,
25,
50,
50,
40,
50,
60,
5,
5,
1,
1,
5,
5,
5,
5,
5,
5,
1,
1,
1,
1,
1,
1,
1,
1,
1,
5,
1,
1,
1,
1,
1,
1,
1,
1,
1,
1,
1,
1,
1,
1,
1,
1,
1,
1,
1,
1,
1,
1,
1,
1,
5,
5,
1,
1,
5,
1,
1,
1,
1,
5,
3, 1,
1, 3,
5,
10,
3,
3,
3,
5,
1, 1,
1, 5,
1, 1,
1, 5,
1, 1,
1, 5,
1, 1,
1, 5,
1, 1,
1, 5,
1, 1,
1, 5,
1, 1,
1, 5,
1, 1,
1, 5,
1, 1,
1, 5,
1, 1,
1, 5,
1, 1,
1, 5,
1, 1,
1, 5,
1, 1,
1, 5,
1, 1,
1, 5,
1, 1,
1, 5,
1, 1,
1, 5,
1, 1,
1, 5,
1, 1,
1, 1,
1, 5,
1, 1,
1, 5,
1, 1,
1, 5,
1, 1,
1, 5,
1, 1,
1, 5,
1, 1,
1, 5,
1, 1,
1, 5,
1, 1,
1, 5,
1, 1,
1, 5,
1, 1,
1, 5,
1, 1,
1, 5,
1, 1,
1, 5,
1, 1,
1, 5,
1, 1,
1, 5,
1, 1,
1, 5,
1, 1,
1, 5,
1, 1,
1, 5,
1, 1,
1, 5,
1, 1,
1, 5,
1, 1,
1, 5,
1, 1,
1, 5,
1, 1,
1, 5,
1, 1,
1, 5,
1, 1,
1, 5,
1, 1,
1, 5,
1, 1,
1, 5,
1, 1,
1, 5,
1, 1,
1, 5,
1, 1,
1, 5,
1, 1,
1, 5,
1, 1,
1, 5,
1, 1,
1, 5,
1,
1,
1,
1,
1,
1,
10,
10,
7, 3,
1, 2,
1, 3,
1, 3,
1, 3,
1, 3,
1, 2,
10, 20, 2, 2, 15,
5,
10,
1, 100, 100, 100, 100,
5, 50,
5,
10,
10,
5,
10,
1, 1,
1,
1,
1,
3, 1,
5,
20,
25,
30,
30,
40,
10, 10,
20,
10, 10,
2, 3,
10, 10,
10, 10,
10, 10,
10, 10,
10, 10,
10, 10,
1, 3,
2, 3,
2, 3,
1, 3,
2, 3,
1, 3,
1, 3,
2, 3,
2, 3,
2, 3,
2, 3,
1,
1,
1,
5,
5,
1,
1,
1,
1,
1,
1,
1,
1,
1,
1,
100, 100,
1, 1,
100, 100,
100, 100,
100, 100,
100, 100,
1, 1,
100, 100,
10, 1,
5,
100, 100,
3,
30, 1,
300, 2,
3,
30, 1,
300, 2,
3, 1,
5,
5,
5,
5,
5,
5,
5,
1,
5,
3, 3, 3, 1,
3, 3, 1, 1,
10, 20, 2, 2, 2,
1,
1,
1,
1,
1,
2,
2,
2,
2,
2,
2,
2,
2,
2,
2,
2,
2,
10,
5,
10,
1, 3, 3, 1,
20,
20,
10,
20,
20,
20,
20,
3, 1,
3, 1,
3, 1,
5,
5,
5,
5,
5,
3,
3,
3,
1, 1,
1, 1,
1, 1,
3, 1,
10,
1, 1,
1, 1,
7, 3,
5, 5,
15, 5,
20, 25,
20, 15,
20, 15,
20, 20,
25, 15,
25, 15,
25, 20,
15, 15,
15, 20,
20, 20,
3, 1,
3, 1,
10, 3,
10, 3,
10, 3,
10, 3,
10, 3,
10, 3,
10, 3,
10, 3,
10, 3,
10, 3,
10, 3,
10, 3,
10, 3,
3, 5,
3, 5,
3, 5,
3, 5,
3, 5,
3, 5,
3, 5,
3, 5,
3, 1,
3, 1,
1, 1,
1,
1,
1,
1, 1, 1,
1,
1,
1,
1, 1,
5,
5,
5,
5,
5,
5,
5,
10,
10,
5,
10, 1,
5,
5,
5,
5,
1,
1,
1,
1,
1,
1,
1,
1,
1,
1,
1,
1,
1,
1,
1,
1,
1,
1,
1,
5,
3, 1,
1,
1,
10, 1,
1, 1,
1, 1,
1, 1,
1, 1,
1, 1,
1, 1,
1, 1,
1, 1,
1, 1,
10, 1,
10,
10,
1, 1.5k,
3, 3, 3, 1,
1, 1, 1,
1, 1, 1,
1, 1,
5,
1,
1,
1,
1,
1,
1,
1, 1,
1,
1,
1,
5,
10,
10, 1,
1, 1,
1, 10, 1,
1, 10, 1,
1, 10, 1,
1, 10, 1,
1, 10, 1,
1, 10, 1,
10,
1,
3,
3,
3,
10,
