1176, 1903, 1928, 1941
1176, 1611, 1941, 1933
870, 1912, 175, 1904
851, 898, 923, 937, 846
1902, 1939, 1941, 1933
1444, 1939, 1937, 598
382, 1611, 1265, 1939
1942, 170, 598, 1935, 1514
924, 905, 866, 852, 899
882, 1903, 1914, 175, 916
1903, 175, 170, 1444
1272, 863, 862, 1904, 1939
1272, 1907, 1444, 1903, 1936
1272, 1642, 1903, 1514, 946
869, 667, 1628, 1914
906, 911, 1218, 1918
1289, 862, 1941, 1933
1913, 1903, 1265, 1935
1935, 1939, 1444, 598
927, 921, 904, 1940
1906, 1904, 1933
1903, 862, 1939, 1933
1469, 1903, 1941, 1935
1910, 946, 1906, 598
1907, 860, 1642, 175
1907, 1906, 189, 1939
400, 1939, 1902
1939, 1502, 1769, 1776
1218, 1906, 1444, 1657
1907, 1906, 1936
1914, 1903, 1444, 1936
1904, 1914, 944, 1937
1904, 1941, 1939, 598
1903, 1904, 189, 1941
1904, 189, 1611, 1941
863, 1904, 862, 1939
1898, 1902, 1514, 598, 1611
1905, 1910, 1939, 1906
1902, 575, 1937, 598
1218, 1936, 598, 1937
1905, 1642, 1657, 598
1746, 170, 1628, 1549
924, 882, 1914, 1444
269, 862, 1514, 1549, 1935
1943, 1906, 1941, 1939
1928, 862, 1941, 1939
1903, 1928, 1444, 1611
1929, 944, 860, 1514
915, 855, 864, 877, 914
964, 888, 1289, 1933, 1941
1578, 941, 911, 1628
857, 884, 898, 877
1905, 944, 1657, 860
1913, 916, 1642, 1902
913, 931, 909, 849, 877
1905, 1906, 1444, 175, 1936
1905, 1903, 1657, 1514
1905, 1903, 1941, 1935
924, 1905, 1914, 175
1905, 1657, 189, 1939
1905, 1906, 1937, 1939
857, 906, 882, 895, 863
940, 1906, 1611, 1928
1906, 1611, 1642, 1928
1902, 1935, 1444, 598
906, 1905, 1218, 1910
1647, 1444, 704, 944, 1935
1907, 944, 598, 1933
1914, 944, 1933, 1941
1671, 1814, 1265, 598
1754, 1935, 598, 1444, 873
1712, 1905, 175, 598, 1935
1712, 924, 189, 1642, 1935
1938, 1941, 1905, 1939
1597, 1549, 598, 916, 1937
1912, 170, 598, 1935
1912, 1932, 860
1912, 1903, 1937, 1514
884, 900, 889, 847, 877
1584, 175, 1549, 1657, 946
1907, 1935, 598
1903, 1933, 1444, 1611
853, 855, 854, 903, 928
1944, 1906, 1941, 1939
922, 934, 917, 878, 888
1905, 598, 1514, 916
1218, 1914, 944, 862, 598
1910, 1514, 598, 1939
1754, 1652, 1549, 1937, 1939
1912, 1549, 1939, 598
1068, 888, 1514, 598, 1939
1236, 1514, 598, 1939, 1935
1905, 1938, 1642, 1549
1912, 1914, 946, 1549
1914, 1549, 1935, 598
940, 170, 1611, 598
1064, 1945, 1941, 1904
1911, 1904, 1939, 1928
666, 1939, 598, 1933
941, 883, 869, 916
942, 893, 856, 864, 858
1902, 1904, 1933, 1941
1068, 1914, 860, 1444, 1657
1938, 1611, 1904, 1937