1977
725
726
727, 354
728, 419
729, 343
730
731, 328
732, 324
733, 169
734
735, 367
736, 350
737, 355
738, 345
739, 659
741, 335
742, 336
743
744, 346
745, 356
746, 331
747, 329
748, 351
749, 122
750, 357
751, 475
752, 325
753, 342
754, 339
755, 338
756, 348
757, 340
758, 619
759
760
761
762
763
764
765
766
767, 628
768, 617
769
770, 388
771, 636
772, 399
773, 2258
774
775
776
777
778
779, 590
780
781
782
783
784
785
786
787
788
788
788
789
790
791
792
793
794
795
796
797
798
799
800
801
802
803
804
805
806
807
808
808
809
810
811
812
813
814
815
816
817
818
819
820
821
822
823
824
825
826
827
828
829
830
831
832
833, 637
834
835
836
837
838, 660
839, 2257
840, 2256
841
842, 618
