832, 1883, 1918, 1935
1752, 834, 1685, 832, 725
1883, 1801, 598, 575
1774, 1682, 725, 1917
725, 1186, 1918, 575
778, 1483, 1186, 160
825, 832, 1177, 1716, 679
725, 575, 1904, 1883
823, 832, 1824, 1774, 1846
725, 1267, 1883, 1916
828, 725, 1179, 1186, 677
827, 962, 725, 1182, 1876
834, 1182, 1481, 160
826, 832, 1851, 1638, 681
824, 725, 1551, 1216, 1841
832, 1442, 1216, 1916
832, 1919, 575, 1969
825, 725, 1256, 676, 1519
1442, 1186, 1916, 575
832, 1267, 1186, 575
726, 1497, 1592, 160
832, 1760, 1919, 1946
725, 1186, 575, 1969
823, 725, 1230, 1667, 682
1267, 1216, 1917, 575
1442, 1216, 1917, 575
726, 1824, 1256, 1685
828, 832, 1450, 1225, 675
837, 1483, 1592, 1682
778, 1182, 1216, 1682
841, 1483, 1685, 1592
778, 1760, 1667, 1681
832, 1801, 1917, 575
841, 1497, 1667, 1682
1760, 1186, 1916, 575
1506, 1267, 1216, 675
1507, 1442, 1186, 675
1508, 1760, 1667, 1684
1509, 1483, 1186, 1682
1510, 1440, 1216, 1682
1511, 1497, 1592, 1846
1512, 1801, 1592, 1684
1513, 1182, 1667, 1846
726, 1440, 1667, 1684
841, 1801, 1481, 1684
832, 553, 680, 575
826, 725, 1494, 1842, 1481
1538, 1256, 676, 575, 834
824, 832, 1766, 1613, 680
1822, 1613, 726, 1684, 575
422, 1682
423, 1177
965, 1876, 1838, 575, 823
725, 1592, 675, 1682
1774, 1846, 832, 1920
1619, 1862, 1684, 1716, 1861
1915, 759, 466, 841, 1915
1967, 1511, 599, 1760, 1915
1966, 1513, 1267, 470, 1915
1915, 763, 469, 841, 1915
1965, 1510, 683, 1186, 1915
1964, 1510, 672, 1483, 1915
1963, 1509, 361, 1919, 1915
1915, 766, 470, 834, 1915
1962, 1511, 463, 1917, 1915
1962, 1513, 471, 1916, 1915
1962, 1509, 474, 1920, 1915
1915, 760, 474, 837, 1915
1915, 765, 548, 778, 1915
1961, 1509, 597, 1883, 1915
1915, 762, 464, 837, 1915
1915, 760, 465, 726, 1915
1960, 1512, 672, 1440, 1915
1915, 765, 597, 837, 1915
1915, 764, 483, 726, 1915
1915, 1506, 548, 1464, 1968
1915, 764, 463, 778, 1915
1959, 1507, 397, 1481, 1915
1958, 1506, 586, 1182, 1915
1915, 766, 196, 834, 1915
1915, 763, 470, 834, 1915
1915, 759, 672, 841, 1915
1915, 766, 586, 841, 1915
1957, 1507, 483, 1497, 1915
1956, 1508, 586, 1216, 1915
1955, 1506, 466, 1918, 1915
1915, 1507, 465, 1919, 1915
1954, 1508, 361, 1756, 1915
1915, 764, 361, 778, 1915
1915, 762, 397, 778, 1915
1953, 1506, 470, 1667, 1915
1915, 759, 683, 726, 1915
1915, 761, 471, 834, 1915
1952, 1507, 1592, 196, 1915
1951, 1512, 196, 1918, 1915
1915, 761, 599, 726, 1915
1950, 1513, 597, 1801, 1915
1949, 1508, 683, 1917, 1915
1948, 1512, 483, 1592, 1915
1947, 1511, 397, 1442, 1915
834, 1947, 774, 1781, 160
725, 465, 1738, 681
834, 1774, 1513, 1682
726, 1613, 1511, 1684
778, 1716, 1507, 1681
837, 1638, 1506, 1685
837, 1292, 1685, 1225
841, 1225, 1510, 1683
961, 682, 1225, 575, 725
961, 1685, 1464, 575, 725
832, 1225, 1481, 1846
1883, 1760, 1941, 575
725, 1801, 575, 1946
1225, 1684, 725, 1918
1064, 1506, 862, 575
1291, 1511, 1588, 1682, 1861
1613, 681, 832, 1916
1619, 1229, 1685, 1613, 1765
1069, 726, 1186, 575, 725
1069, 418, 482, 575
1613, 675, 725, 1919
834, 1760, 1186, 1684
