(1, 1, 1977),
(2, 1, 725),
(3, 1, 726),
(4, 1, 727, 1, 354),
(5, 1, 728, 1, 419),
(6, 1, 729, 1, 343),
(7, 1, 730),
(8, 1, 731, 1, 328),
(9, 1, 732, 1, 324),
(10, 1, 733, 1, 169),
(11, 1, 734),
(12, 1, 735, 1, 367),
(13, 1, 736, 1, 350),
(14, 1, 737, 1, 355),
(15, 1, 738, 1, 345),
(16, 1, 739, 1, 659),
(17, 1, 741, 1, 335),
(18, 1, 742, 1, 336),
(19, 1, 743),
(20, 1, 744, 1, 346),
(21, 1, 745, 1, 356),
(22, 1, 746, 1, 331),
(23, 1, 747, 1, 329),
(24, 1, 748, 1, 351),
(25, 1, 749, 1, 122),
(26, 1, 750, 1, 357),
(27, 1, 751, 1, 475),
(28, 1, 752, 1, 325),
(29, 1, 753, 1, 342),
(30, 1, 754, 1, 339),
(31, 1, 755, 1, 338),
(32, 1, 756, 1, 348),
(33, 1, 757, 1, 340),
(34, 1, 758, 1, 619),
(35, 1, 759),
(36, 1, 760),
(37, 1, 761),
(38, 1, 762),
(39, 1, 763),
(40, 1, 764),
(41, 1, 765),
(42, 1, 766),
(43, 1, 767, 1, 628),
(44, 1, 768, 1, 617),
(45, 1, 769),
(46, 1, 770, 1, 388),
(47, 1, 771, 1, 636),
(48, 1, 772, 1, 399),
(49, 1, 773, 1, 2258),
(50, 1, 774),
(51, 1, 775),
(52, 1, 776),
(53, 1, 777),
(54, 1, 778),
(55, 1, 779, 1, 590),
(56, 1, 780),
(57, 1, 781),
(58, 1, 782),
(59, 1, 783),
(60, 1, 784),
(61, 1, 785),
(62, 1, 786),
(63, 1, 787),
(64, 1, 788),
(65, 1, 788),
(66, 1, 788),
(67, 1, 789),
(68, 1, 790),
(69, 1, 791),
(70, 1, 792),
(71, 1, 793),
(72, 1, 794),
(73, 1, 795),
(74, 1, 796),
(75, 1, 797),
(76, 1, 798),
(77, 1, 799),
(78, 1, 800),
(79, 1, 801),
(80, 1, 802),
(81, 1, 803),
(82, 1, 804),
(83, 1, 805),
(84, 1, 806),
(85, 1, 807),
(86, 1, 808),
(87, 1, 808),
(88, 1, 809),
(89, 1, 810),
(90, 1, 811),
(91, 1, 812),
(92, 1, 813),
(93, 1, 814),
(94, 1, 815),
(95, 1, 816),
(96, 1, 817),
(97, 1, 818),
(98, 1, 819),
(99, 1, 820),
(100, 1, 821),
(101, 1, 822),
(102, 1, 823),
(103, 1, 824),
(104, 1, 825),
(105, 1, 826),
(106, 1, 827),
(107, 1, 828),
(108, 1, 829),
(109, 1, 830),
(110, 1, 831),
(111, 1, 832),
(112, 1, 833, 1, 637),
(113, 1, 834),
(114, 1, 835),
(115, 1, 836),
(116, 1, 837),
(117, 1, 838, 1, 660),
(118, 1, 839, 1, 2257),
(119, 10, 840, 1, 2256),
(120, 1, 841),
(121, 1, 842, 1, 618),
