633, 1257, 565, 160
438, 1684, 1738, 1485
633, 1482, 565, 370
122, 1970
1977, 1970
169, 1970
727, 1970
324, 1970
325, 1970
728, 1970
729, 1970
328, 1970
329, 1970
730, 1970
731, 1970
331, 1970
732, 1970
733, 1970
735, 1970
736, 1970
737, 1970
335, 1970
336, 1970
738, 1970
739, 1970
338, 1970
339, 1970
340, 1970
741, 1970
742, 1970
743, 1970
744, 1970
342, 1970
343, 1970
745, 1970
746, 1970
345, 1970
346, 1970
747, 1970
348, 1970
748, 1970
749, 1970
350, 1970
351, 1970
750, 1970
751, 1970
752, 1970
354, 1970
355, 1970
356, 1970
357, 1970
753, 1970
754, 1970
755, 1970
756, 1970
757, 1970
758, 1970
767, 1970
367, 1970
768, 1970
388, 1970
770, 1970
771, 1970
772, 1970
399, 1970
419, 1970
779, 1970
475, 1970
590, 1970
833, 1970
617, 1970
618, 1970
619, 1970
628, 1970
636, 1970
637, 1970
659, 1970
660, 1970
838, 1970
842, 1970
1174
120
749, 1978
1979
1980
1981
1982
1983
1984
1985
1986
1987
1988
1989
1990
1991
1992
1993
1994
1995
1996
1997
1998
1999
2000
2001
2002
2003
2004
2005
2006
2007
2008
2009
2010
725, 832
847
758
868
871
851
859
731
751
772
888
889
898
752, 756
920
1187
142
2011, 2012
2011, 2012
146, 1939
1191
1079
975
772, 767, 756, 2013
1217
148
1727
569, 1971
2011, 2014
2011, 2015
2011, 2016
2011, 2017
2011, 2018
2011, 2019
405
123, 160
604
159
158
2027
2028
2029
2030
594, 769
1277, 599
2036
1728
463, 474
707, 591
548
463, 471
733, 1978
189, 598
421, 1933
2037, 159
2037, 158
2037, 159, 160
2037, 158, 160
1257
173
1611
1738, 1191
1166, 1939
1079, 1939
1138, 1939
1159, 1939
1089, 1939
395
395, 1941
395, 2038
1157, 1939
1147, 1939
1101, 1939
1093, 1939
1145, 1939
2039, 1939
410
410, 598
410, 2040
405, 158
604, 159
1882
463
186, 1939
1278
1089
985
188
1282
1611, 1941
2031, 427
2032, 427
162, 595
2033
1729
1232
2035
2034
1907
1907
1907
1907
1907
1907
1907
1907
1907
1907
1907
1907
1907
1907
1907
1907
1907
1907
1907
1907
1907
1907
1907
1907
1907
1907
1907
1907
1907
1907
1907
1907
1907
1907
1907
1907
1907
1907
1907
1907
1907
1907
1907
1907
1907
1907
1907
1907
1907
1907
1907
1907
1907
1907
1907
1907
1907
1907
1907
1907
1907
1907
1907
1907
1907
1907
1907
1907
1907
1907
1907
1907
1907
1907
1907
1907
1907
1907
1907
1907
1907
1907
1907
1907
1907
1907
1907
1907
1907
1907
1907
1907
1907
1907
1907
1907
1907
1907
1907
1907
1907
1907
1907
1907
1907
1907
1907
1907
1907
1907
1907
1907
1907
1907
1907
1907
1907
1907
1907
1907
1907
1907
1907
1907
1448
322
732, 1978
752, 1978
731, 1978
747, 1978
746, 1978
741, 1978
742, 1978
755, 1978
754, 1978
757, 1978
753, 1978
729, 1978
738, 1978
744, 1978
756, 1978
736, 1978
748, 1978
727, 1978
737, 1978
745, 1978
750, 1978
1730
2041
633, 831, 605
379, 1752
921, 925, 891, 1940
1488
1539
1864
1260
1770
735, 1978
365
366
406
439
621
668
669
674
1482
376
380
1489
592, 769
1501
1868
1198
1891
1502
1107
1003
383, 1939
742, 750, 747, 2013
770, 1978
1942
464
596, 769
1277, 672
392, 596
1870, 1939
1191, 1939
1678, 1939
1811, 1939
1278, 1939
1277, 361
1731
772, 1978
1218
954, 2045, 2042
954, 2045, 2044
954, 2045, 2043
954, 2046, 2043
954, 2046, 2042
954, 2046, 2044
954, 2047, 2042
954, 2047, 2044
954, 2047, 2043
2048
2049
1299
1580
1894
1585, 831
1869
2050
1869, 1939
1801, 1939
1760, 1939
1483, 1939
1440, 1939
1756, 1939
1464, 1939
1883, 1939
1062, 1939
975, 1939
1034, 1939
1055, 1939
985, 1939
179
179, 1941
179, 2038
1053, 1939
1043, 1939
997, 1939
989, 1939
1041, 1939
2051, 1939
180
180, 598
180, 2040
417
418
1946
728, 1978
593, 769
1870
1191
1678
1811
1278
1166
1079
1138
1159
1089
1062
975
1034
1055
985
1555
1556
1560
1558
953, 2052
465
472, 552
472, 394
472, 166
472, 684
472, 193
2053, 824, 1822, 1681
191, 192
1493
2054, 2055
1732
466
1773
1771
1589
440
2038, 1939
2057
822, 2058, 443, 2059
1593
445
857
729
733
736
741
747
770
884
901
905
938
1276
1529
2060
2061
1175
1562
1570
1622
1625
1673
2064
2065
2066
2067
2068
2069
2070
2071
2072
1763
2074
2075
2076
2077
2078
2079
2080
2081
2082
2083
2084
2085
2086
2087
2088
2089
2090
2091
2092
2093
2094
2095
2096
2097
1827
1829
2098
2099
1857
2100
2101
2102
2103
1901
751, 1978
822, 167
1620
478
481
482
1969
1733
968, 2104
2202, 2104
970, 2104
2106, 2104
972, 2104
2108, 2104
974, 2104
2110, 2104
976, 2104
2112, 2104
978, 2104
2114, 2104
980, 2104
2116, 2104
981, 2104
2118, 2104
984, 2104
2120, 2104
986, 2104
2122, 2104
988, 2104
2124, 2104
990, 2104
2126, 2104
992, 2104
2128, 2104
994, 2104
2130, 2104
2203, 2104
2132, 2104
996, 2104
2134, 2104
998, 2104
2136, 2104
1000, 2104
1002, 2104
2139, 2104
1004, 2104
2141, 2104
1006, 2104
2143, 2104
1008, 2104
2145, 2104
1010, 2104
2147, 2104
1013, 2104
2149, 2104
1015, 2104
2151, 2104
1017, 2104
2153, 2104
1019, 2104
2155, 2104
1021, 2104
2157, 2104
1023, 2104
2159, 2104
1025, 2104
2161, 2104
1027, 2104
2163, 2104
1029, 2104
2165, 2104
1031, 2104
2167, 2104
1033, 2104
2169, 2104
1036, 2104
2171, 2104
1038, 2104
2173, 2104
1039, 2104
2175, 2104
1040, 2104
2177, 2104
1042, 2104
2179, 2104
1044, 2104
2181, 2104
1046, 2104
2183, 2104
1048, 2104
2185, 2104
1050, 2104
2187, 2104
1052, 2104
2189, 2104
1054, 2104
2191, 2104
1057, 2104
2193, 2104
1059, 2104
2195, 2104
1061, 2104
2197, 2104
2210, 2104
2199, 2104
1063, 2104
2201, 2104
2204
2205
2206
2207
2208
2209
467
468
595, 769
171, 197
171, 1233
171, 1232
171, 2035
171, 2034
171, 575
2211, 633, 573, 549, 567
1651
541
2212, 679, 1841, 677, 1869
546, 1272
1668
545
469
1734
1738
551, 1939
1678
1138
1034
396, 592
1270
728
735
940
900
907
753, 757
928
842, 768
822, 184
2213, 2214
2213, 2215
2213, 2216
2214, 2215
2214, 2216
2215, 2216
822, 390
822, 425
822, 438
822, 535
822, 536
822, 547
822, 608
822, 670
822, 671
822, 697
822, 721
1232
2035
2034
1189
1250
1295
1725
1677
1199
1300
1895
1578
1865
1261
1746
2053, 152
2053, 2217
2053, 2015
2053, 2016
2053, 2017
2053, 2018
2053, 2218
2053, 2019
1277, 597
1735
2053, 2012
411
411, 1941
411, 2038
412
412, 598
412, 2040
779, 1978
196
361
430
597
599
672
1736
1233
1737
838, 779, 773, 2013
845, 850, 897, 1940
2211, 633, 573, 549, 966
2219
2220
2221
2222
2223
143
446
546
149
377
174
542
323
706
121
479
441
607
1759
470
894, 904, 943, 1940
739
746
749
865
876
903
924
768, 1978
842, 1978
758, 1978
1294
1750
1500
1221
1516
623
624
2224
2214, 575
2215, 575
2213, 575
767, 1978
696
1776, 197
1776, 575
591, 769
465, 1270
1259, 1876
2225, 2226
2225, 2227
2225, 2228
2225, 2229
2226, 2227
2226, 2228
2226, 2229
2227, 2228
2227, 2229
2228, 2229
771, 1978
833, 1978
121, 831
143, 831
149, 831
174, 831
323, 831
377, 831
441, 831
446, 831
479, 831
542, 831
546, 831
629, 831
706, 831
368, 777
369, 777
370, 777
371, 777
372, 777
373, 777
374, 777
375, 777
739, 1978
838, 1978
663, 1939
1811
1159
1055
1814
1160
1056
666, 1939
1197
1890
1577
1468
1710
1615
1867
471
472
1739
379, 2230
1724
1662
1646
1200
2231
2232
2233
2234
2235
2236
2237
2238
2239
2240
2241
2250
2242
2243
2244
2245
2246
2247
2248
1740
585, 594
2249
2251
2252, 405
2253, 604
1585
473
2254, 123
842, 754, 753, 2013
1741
1567
1581
1769
1711
1566
1487
704, 1939
1870
1166
1062
1877
705
1277, 196
152, 443, 951
153, 443, 951
154, 443, 951
155, 443, 951
156, 443, 951
157, 443, 951
428
719
720
2255
474