(226, 5, 633, 1, 1257, 1, 565, 10, 160, 226),
(227, 5, 438, 10, 1684, 5, 1738, 1, 1485, 227),
(228, 5, 633, 1, 1482, 1, 565, 1, 370, 228),
(229, 2, 122, 1, 1970, 229),
(230, 2, 1977, 1, 1970, 230),
(231, 2, 169, 1, 1970, 231),
(232, 2, 727, 1, 1970, 232),
(233, 2, 324, 1, 1970, 233),
(234, 2, 325, 1, 1970, 234),
(235, 2, 728, 1, 1970, 235),
(236, 2, 729, 1, 1970, 236),
(237, 2, 328, 1, 1970, 237),
(238, 2, 329, 1, 1970, 238),
(239, 2, 730, 1, 1970, 239),
(240, 2, 731, 1, 1970, 240),
(241, 2, 331, 1, 1970, 241),
(242, 2, 732, 1, 1970, 242),
(243, 2, 733, 1, 1970, 243),
(244, 2, 735, 1, 1970, 244),
(245, 2, 736, 1, 1970, 245),
(246, 2, 737, 1, 1970, 246),
(247, 2, 335, 1, 1970, 247),
(248, 2, 336, 1, 1970, 248),
(249, 2, 738, 1, 1970, 249),
(250, 2, 739, 1, 1970, 250),
(251, 2, 338, 1, 1970, 251),
(252, 2, 339, 1, 1970, 252),
(253, 2, 340, 1, 1970, 253),
(254, 2, 741, 1, 1970, 254),
(255, 2, 742, 1, 1970, 255),
(256, 2, 743, 1, 1970, 256),
(257, 2, 744, 1, 1970, 257),
(258, 2, 342, 1, 1970, 258),
(259, 2, 343, 1, 1970, 259),
(260, 2, 745, 1, 1970, 260),
(261, 2, 746, 1, 1970, 261),
(262, 2, 345, 1, 1970, 262),
(263, 2, 346, 1, 1970, 263),
(264, 2, 747, 1, 1970, 264),
(265, 2, 348, 1, 1970, 265),
(266, 2, 748, 1, 1970, 266),
(267, 2, 749, 1, 1970, 267),
(268, 2, 350, 1, 1970, 268),
(269, 2, 351, 1, 1970, 269),
(270, 2, 750, 1, 1970, 270),
(271, 2, 751, 1, 1970, 271),
(272, 2, 752, 1, 1970, 272),
(273, 2, 354, 1, 1970, 273),
(274, 2, 355, 1, 1970, 274),
(275, 2, 356, 1, 1970, 275),
(276, 2, 357, 1, 1970, 276),
(277, 2, 753, 1, 1970, 277),
(278, 2, 754, 1, 1970, 278),
(279, 2, 755, 1, 1970, 279),
(280, 2, 756, 1, 1970, 280),
(281, 2, 757, 1, 1970, 281),
(282, 2, 758, 1, 1970, 282),
(283, 2, 767, 1, 1970, 283),
(284, 2, 367, 1, 1970, 284),
(285, 2, 768, 1, 1970, 285),
(286, 2, 388, 1, 1970, 286),
(287, 2, 770, 1, 1970, 287),
(288, 2, 771, 1, 1970, 288),
(289, 2, 772, 1, 1970, 289),
(290, 2, 399, 1, 1970, 290),
(291, 2, 419, 1, 1970, 291),
(292, 2, 779, 1, 1970, 292),
(293, 2, 475, 1, 1970, 293),
(294, 2, 590, 1, 1970, 294),
(295, 2, 833, 1, 1970, 295),
(296, 2, 617, 1, 1970, 296),
(297, 2, 618, 1, 1970, 297),
(298, 2, 619, 1, 1970, 298),
(299, 2, 628, 1, 1970, 299),
(300, 2, 636, 1, 1970, 300),
(301, 2, 637, 1, 1970, 301),
(302, 2, 659, 1, 1970, 302),
(303, 2, 660, 1, 1970, 303),
(304, 2, 838, 1, 1970, 304),
(305, 2, 842, 1, 1970, 305),
(306, 5, 1174, 306),
(307, 10, 120, 307),
(308, 3, 749, 1, 1978, 308),
(309, 1, 1979, 309),
(310, 1, 1980, 310),
(311, 1, 1981, 311),
(312, 1, 1982, 312),
(313, 1, 1983, 313),
(314, 1, 1984, 314),
(315, 1, 1985, 315),
(316, 1, 1986, 316),
(317, 1, 1987, 317),
(318, 1, 1988, 318),
(319, 1, 1989, 319),
(320, 1, 1990, 320),
(321, 1, 1991, 321),
(322, 1, 1992, 322),
(323, 1, 1993, 323),
(324, 1, 1994, 324),
(325, 1, 1995, 325),
(326, 1, 1996, 326),
(327, 1, 1997, 327),
(328, 1, 1998, 328),
(329, 1, 1999, 329),
(330, 1, 2000, 330),
(331, 1, 2001, 331),
(332, 1, 2002, 332),
(333, 1, 2003, 333),
(334, 1, 2004, 334),
(335, 1, 2005, 335),
(336, 1, 2006, 336),
(337, 1, 2007, 337),
(338, 1, 2008, 338),
(339, 1, 2009, 339),
(340, 1, 2010, 340),
(341, 20, 725, 20, 832, 341),
(342, 20, 847, 342),
(343, 10, 758, 343),
(344, 20, 868, 344),
(345, 20, 871, 345),
(346, 40, 851, 346),
(347, 40, 859, 347),
(348, 25, 731, 348),
(349, 15, 751, 349),
(350, 15, 772, 350),
(351, 50, 888, 351),
(352, 40, 889, 352),
(353, 40, 898, 353),
(354, 15, 752, 15, 756, 354),
(355, 40, 920, 355),
(356, 5, 1187, 356),
(357, 10, 142, 357),
(358, 1, 2011, 1, 2012, 358),
(359, 1, 2011, 1, 2012, 359),
(360, 1, 146, 1, 1939, 360),
(361, 1, 1191, 361),
(362, 1, 1079, 362),
(363, 1, 975, 363),
(364, 3, 772, 3, 767, 3, 756, 1, 2013, 364),
(365, 5, 1217, 365),
(366, 10, 148, 366),
(367, 5, 1727, 367),
(368, 2, 569, 10, 1971, 368),
(369, 1, 2011, 1, 2014, 369),
(370, 1, 2011, 1, 2015, 370),
(371, 1, 2011, 1, 2016, 371),
(372, 1, 2011, 1, 2017, 372),
(373, 1, 2011, 1, 2018, 373),
(374, 1, 2011, 1, 2019, 374),
(375, 2, 405, 375),
(376, 1, 123, 20, 160, 376),
(377, 2, 604, 377),
(378, 1, 159, 378),
(379, 1, 158, 379),
(380, 1, 2027, 380),
(381, 1, 2028, 381),
(382, 1, 2029, 382),
(383, 1, 2030, 383),
(384, 7, 594, 3, 769, 384),
(385, 10, 1277, 1, 599, 385),
(386, 1, 2036, 386),
(387, 5, 1728, 387),
(388, 5, 463, 5, 474, 388),
(389, 3, 707, 1, 591, 389),
(390, 10, 548, 390),
(391, 5, 463, 5, 471, 391),
(392, 3, 733, 1, 1978, 392),
(393, 1, 189, 1, 598, 393),
(394, 3, 421, 2, 1933, 394),
(395, 5, 2037, 1, 159, 395),
(396, 5, 2037, 1, 158, 396),
(397, 50, 2037, 10, 159, 1, 160, 397),
(398, 50, 2037, 10, 158, 1, 160, 398),
(399, 5, 1257, 399),
(400, 10, 173, 400),
(401, 1, 1611, 401),
(402, 20, 1738, 100, 1191, 402),
(403, 1, 1166, 1, 1939, 403),
(404, 1, 1079, 1, 1939, 404),
(405, 1, 1138, 1, 1939, 405),
(406, 1, 1159, 1, 1939, 406),
(407, 1, 1089, 1, 1939, 407),
(408, 3, 395, 408),
(409, 30, 395, 1, 1941, 409),
(410, 300, 395, 2, 2038, 410),
(411, 1, 1157, 1, 1939, 411),
(412, 1, 1147, 1, 1939, 412),
(413, 1, 1101, 1, 1939, 413),
(414, 1, 1093, 1, 1939, 414),
(415, 1, 1145, 1, 1939, 415),
(416, 1, 2039, 1, 1939, 416),
(417, 3, 410, 417),
(418, 30, 410, 1, 598, 418),
(419, 300, 410, 2, 2040, 419),
(420, 1, 405, 2, 158, 420),
(421, 1, 604, 2, 159, 421),
(422, 3, 1882, 422),
(423, 10, 463, 423),
(424, 1, 186, 1, 1939, 424),
(425, 1, 1278, 425),
(426, 1, 1089, 426),
(427, 1, 985, 427),
(428, 10, 188, 428),
(429, 5, 1282, 429),
(430, 1, 1611, 1, 1941, 430),
(431, 1, 2031, 1, 427, 431),
(432, 1, 2032, 1, 427, 432),
(433, 3, 162, 1, 595, 433),
(434, 1, 2033, 434),
(435, 5, 1729, 435),
(436, 1, 1232, 436),
(437, 1, 2035, 437),
(438, 1, 2034, 438),
(439, 1, 1907, 439),
(440, 1, 1907, 440),
(441, 1, 1907, 441),
(442, 1, 1907, 442),
(443, 1, 1907, 443),
(444, 1, 1907, 444),
(445, 1, 1907, 445),
(446, 1, 1907, 446),
(447, 1, 1907, 447),
(448, 1, 1907, 448),
(449, 1, 1907, 449),
(450, 1, 1907, 450),
(451, 1, 1907, 451),
(452, 1, 1907, 452),
(453, 1, 1907, 453),
(454, 1, 1907, 454),
(455, 1, 1907, 455),
(456, 1, 1907, 456),
(457, 1, 1907, 457),
(458, 1, 1907, 458),
(459, 1, 1907, 459),
(460, 1, 1907, 460),
(461, 1, 1907, 461),
(462, 1, 1907, 462),
(463, 1, 1907, 463),
(464, 1, 1907, 464),
(465, 1, 1907, 465),
(466, 1, 1907, 466),
(467, 1, 1907, 467),
(468, 1, 1907, 468),
(469, 1, 1907, 469),
(470, 1, 1907, 470),
(471, 1, 1907, 471),
(472, 1, 1907, 472),
(473, 1, 1907, 473),
(474, 1, 1907, 474),
(475, 1, 1907, 475),
(476, 1, 1907, 476),
(477, 1, 1907, 477),
(478, 1, 1907, 478),
(479, 1, 1907, 479),
(480, 1, 1907, 480),
(481, 1, 1907, 481),
(482, 1, 1907, 482),
(483, 1, 1907, 483),
(484, 1, 1907, 484),
(485, 1, 1907, 485),
(486, 1, 1907, 486),
(487, 1, 1907, 487),
(488, 1, 1907, 488),
(489, 1, 1907, 489),
(490, 1, 1907, 490),
(491, 1, 1907, 491),
(492, 1, 1907, 492),
(493, 1, 1907, 493),
(494, 1, 1907, 494),
(495, 1, 1907, 495),
(496, 1, 1907, 496),
(497, 1, 1907, 497),
(498, 1, 1907, 498),
(499, 1, 1907, 499),
(500, 1, 1907, 500),
(501, 1, 1907, 501),
(502, 1, 1907, 502),
(503, 1, 1907, 503),
(504, 1, 1907, 504),
(505, 1, 1907, 505),
(506, 1, 1907, 506),
(507, 1, 1907, 507),
(508, 1, 1907, 508),
(509, 1, 1907, 509),
(510, 1, 1907, 510),
(511, 1, 1907, 511),
(512, 1, 1907, 512),
(513, 1, 1907, 513),
(514, 1, 1907, 514),
(515, 1, 1907, 515),
(516, 1, 1907, 516),
(517, 1, 1907, 517),
(518, 1, 1907, 518),
(519, 1, 1907, 519),
(520, 1, 1907, 520),
(521, 1, 1907, 521),
(522, 1, 1907, 522),
(523, 1, 1907, 523),
(524, 1, 1907, 524),
(525, 1, 1907, 525),
(526, 1, 1907, 526),
(527, 1, 1907, 527),
(528, 1, 1907, 528),
(529, 1, 1907, 529),
(530, 1, 1907, 530),
(531, 1, 1907, 531),
(532, 1, 1907, 532),
(533, 1, 1907, 533),
(534, 1, 1907, 534),
(535, 1, 1907, 535),
(536, 1, 1907, 536),
(537, 1, 1907, 537),
(538, 1, 1907, 538),
(539, 1, 1907, 539),
(540, 1, 1907, 540),
(541, 1, 1907, 541),
(542, 1, 1907, 542),
(543, 1, 1907, 543),
(544, 1, 1907, 544),
(545, 1, 1907, 545),
(546, 1, 1907, 546),
(547, 1, 1907, 547),
(548, 1, 1907, 548),
(549, 1, 1907, 549),
(550, 1, 1907, 550),
(551, 1, 1907, 551),
(552, 1, 1907, 552),
(553, 1, 1907, 553),
(554, 1, 1907, 554),
(555, 1, 1907, 555),
(556, 1, 1907, 556),
(557, 1, 1907, 557),
(558, 1, 1907, 558),
(559, 1, 1907, 559),
(560, 1, 1907, 560),
(561, 1, 1907, 561),
(562, 1, 1907, 562),
(563, 5, 1448, 563),
(564, 10, 322, 564),
(565, 3, 732, 1, 1978, 565),
(566, 3, 752, 1, 1978, 566),
(567, 3, 731, 1, 1978, 567),
(568, 3, 747, 1, 1978, 568),
(569, 3, 746, 1, 1978, 569),
(570, 3, 741, 1, 1978, 570),
(571, 3, 742, 1, 1978, 571),
(572, 3, 755, 1, 1978, 572),
(573, 3, 754, 1, 1978, 573),
(574, 3, 757, 1, 1978, 574),
(575, 3, 753, 1, 1978, 575),
(576, 3, 729, 1, 1978, 576),
(577, 3, 738, 1, 1978, 577),
(578, 3, 744, 1, 1978, 578),
(579, 3, 756, 1, 1978, 579),
(580, 3, 736, 1, 1978, 580),
(581, 3, 748, 1, 1978, 581),
(582, 3, 727, 1, 1978, 582),
(583, 3, 737, 1, 1978, 583),
(584, 3, 745, 1, 1978, 584),
(585, 3, 750, 1, 1978, 585),
(586, 5, 1730, 586),
(587, 1, 2041, 587),
(588, 5, 633, 1, 831, 10, 605, 588),
(589, 5, 379, 5, 1752, 589),
(590, 3, 921, 1, 925, 3, 891, 1, 1940, 590),
(591, 5, 1488, 591),
(592, 5, 1539, 592),
(593, 5, 1864, 593),
(594, 5, 1260, 594),
(595, 5, 1770, 595),
(596, 3, 735, 1, 1978, 596),
(597, 10, 365, 597),
(598, 10, 366, 598),
(599, 10, 406, 599),
(600, 10, 439, 600),
(601, 10, 621, 601),
(602, 10, 668, 602),
(603, 10, 669, 603),
(604, 10, 674, 604),
(605, 5, 1482, 605),
(606, 10, 376, 606),
(607, 10, 380, 607),
(608, 5, 1489, 608),
(609, 7, 592, 3, 769, 609),
(610, 1, 1501, 610),
(611, 1, 1868, 611),
(612, 1, 1198, 612),
(613, 1, 1891, 613),
(614, 1, 1502, 614),
(615, 1, 1107, 615),
(616, 1, 1003, 616),
(617, 1, 383, 1, 1939, 617),
(618, 3, 742, 3, 750, 3, 747, 1, 2013, 618),
(619, 3, 770, 1, 1978, 619),
(620, 1, 1942, 620),
(621, 10, 464, 621),
(622, 7, 596, 3, 769, 622),
(623, 10, 1277, 1, 672, 623),
(624, 3, 392, 1, 596, 624),
(625, 3, 1870, 1, 1939, 625),
(626, 3, 1191, 1, 1939, 626),
(627, 3, 1678, 1, 1939, 627),
(628, 3, 1811, 1, 1939, 628),
(629, 3, 1278, 1, 1939, 629),
(630, 10, 1277, 1, 361, 630),
(631, 5, 1731, 631),
(632, 3, 772, 1, 1978, 632),
(633, 1, 1218, 633),
(634, 3, 954, 1, 2045, 1, 2042, 634),
(635, 3, 954, 1, 2045, 1, 2044, 635),
(636, 3, 954, 1, 2045, 1, 2043, 636),
(637, 3, 954, 1, 2046, 1, 2043, 637),
(638, 3, 954, 1, 2046, 1, 2042, 638),
(639, 3, 954, 1, 2046, 1, 2044, 639),
(640, 3, 954, 1, 2047, 1, 2042, 640),
(641, 3, 954, 1, 2047, 1, 2044, 641),
(642, 3, 954, 1, 2047, 1, 2043, 642),
(643, 1, 2048, 643),
(644, 1, 2049, 644),
(645, 5, 1299, 645),
(646, 5, 1580, 646),
(647, 5, 1894, 647),
(648, 10, 1585, 10, 831, 648),
(649, 50, 1869, 649),
(650, 5, 2050, 650),
(651, 10, 1869, 1, 1939, 651),
(652, 3, 1801, 1, 1939, 652),
(653, 3, 1760, 1, 1939, 653),
(654, 3, 1483, 1, 1939, 654),
(655, 3, 1440, 1, 1939, 655),
(656, 3, 1756, 1, 1939, 656),
(657, 3, 1464, 1, 1939, 657),
(658, 3, 1883, 1, 1939, 658),
(659, 1, 1062, 1, 1939, 659),
(660, 1, 975, 1, 1939, 660),
(661, 1, 1034, 1, 1939, 661),
(662, 1, 1055, 1, 1939, 662),
(663, 1, 985, 1, 1939, 663),
(664, 3, 179, 664),
(665, 30, 179, 1, 1941, 665),
(666, 300, 179, 2, 2038, 666),
(667, 1, 1053, 1, 1939, 667),
(668, 1, 1043, 1, 1939, 668),
(669, 1, 997, 1, 1939, 669),
(670, 1, 989, 1, 1939, 670),
(671, 1, 1041, 1, 1939, 671),
(672, 1, 2051, 1, 1939, 672),
(673, 3, 180, 673),
(674, 30, 180, 1, 598, 674),
(675, 300, 180, 2, 2040, 675),
(676, 3, 417, 676),
(677, 3, 418, 677),
(678, 3, 1946, 678),
(679, 3, 728, 1, 1978, 679),
(680, 7, 593, 3, 769, 680),
(681, 5, 1870, 681),
(682, 5, 1191, 682),
(683, 5, 1678, 683),
(684, 5, 1811, 684),
(685, 5, 1278, 685),
(686, 3, 1166, 686),
(687, 3, 1079, 687),
(688, 3, 1138, 688),
(689, 3, 1159, 689),
(690, 3, 1089, 690),
(691, 1, 1062, 691),
(692, 1, 975, 692),
(693, 1, 1034, 693),
(694, 1, 1055, 694),
(695, 1, 985, 695),
(696, 5, 1555, 696),
(697, 5, 1556, 697),
(698, 5, 1560, 698),
(699, 5, 1558, 699),
(700, 1, 953, 1, 2052, 700),
(701, 10, 465, 701),
(702, 25, 472, 5, 552, 702),
(703, 25, 472, 5, 394, 703),
(704, 25, 472, 5, 166, 704),
(705, 25, 472, 5, 684, 705),
(706, 25, 472, 5, 193, 706),
(707, 1, 2053, 1, 824, 5, 1822, 10, 1681, 707),
(708, 1, 191, 1, 192, 708),
(709, 5, 1493, 709),
(710, 25, 2054, 25, 2055, 710),
(711, 5, 1732, 711),
(712, 10, 466, 712),
(713, 5, 1773, 713),
(714, 5, 1771, 714),
(715, 5, 1589, 715),
(716, 10, 440, 716),
(717, 10, 2038, 1, 1939, 717),
(718, 1, 2057, 718),
(719, 15, 822, 5, 2058, 50, 443, 1, 2059, 719),
(720, 5, 1593, 720),
(721, 10, 445, 721),
(722, 60, 857, 722),
(723, 25, 729, 723),
(724, 35, 733, 724),
(725, 20, 736, 725),
(726, 30, 741, 726),
(727, 25, 747, 727),
(728, 50, 770, 728),
(729, 50, 884, 729),
(730, 40, 901, 730),
(731, 50, 905, 731),
(732, 60, 938, 732),
(733, 5, 1276, 733),
(734, 5, 1529, 734),
(735, 1, 2060, 735),
(736, 1, 2061, 736),
(737, 5, 1175, 737),
(738, 5, 1562, 738),
(739, 5, 1570, 739),
(740, 5, 1622, 740),
(741, 5, 1625, 741),
(742, 5, 1673, 742),
(743, 1, 2064, 743),
(744, 1, 2065, 744),
(745, 1, 2066, 745),
(746, 1, 2067, 746),
(747, 1, 2068, 747),
(748, 1, 2069, 748),
(749, 1, 2070, 749),
(750, 1, 2071, 750),
(751, 1, 2072, 751),
(752, 5, 1763, 752),
(753, 1, 2074, 753),
(754, 1, 2075, 754),
(755, 1, 2076, 755),
(756, 1, 2077, 756),
(757, 1, 2078, 757),
(758, 1, 2079, 758),
(759, 1, 2080, 759),
(760, 1, 2081, 760),
(761, 1, 2082, 761),
(762, 1, 2083, 762),
(763, 1, 2084, 763),
(764, 1, 2085, 764),
(765, 1, 2086, 765),
(766, 1, 2087, 766),
(767, 1, 2088, 767),
(768, 1, 2089, 768),
(769, 1, 2090, 769),
(770, 1, 2091, 770),
(771, 1, 2092, 771),
(772, 1, 2093, 772),
(773, 1, 2094, 773),
(774, 1, 2095, 774),
(775, 1, 2096, 775),
(776, 1, 2097, 776),
(777, 5, 1827, 777),
(778, 5, 1829, 778),
(779, 1, 2098, 779),
(780, 1, 2099, 780),
(781, 5, 1857, 781),
(782, 1, 2100, 782),
(783, 1, 2101, 783),
(784, 1, 2102, 784),
(785, 1, 2103, 785),
(786, 5, 1901, 786),
(787, 3, 751, 1, 1978, 787),
(788, 1, 822, 3, 167, 788),
(789, 5, 1620, 789),
(790, 10, 478, 790),
(791, 3, 481, 791),
(792, 3, 482, 792),
(793, 3, 1969, 793),
(794, 5, 1733, 794),
(795, 1, 968, 1, 2104, 795),
(796, 1, 2202, 5, 2104, 796),
(797, 1, 970, 1, 2104, 797),
(798, 1, 2106, 5, 2104, 798),
(799, 1, 972, 1, 2104, 799),
(800, 1, 2108, 5, 2104, 800),
(801, 1, 974, 1, 2104, 801),
(802, 1, 2110, 5, 2104, 802),
(803, 1, 976, 1, 2104, 803),
(804, 1, 2112, 5, 2104, 804),
(805, 1, 978, 1, 2104, 805),
(806, 1, 2114, 5, 2104, 806),
(807, 1, 980, 1, 2104, 807),
(808, 1, 2116, 5, 2104, 808),
(809, 1, 981, 1, 2104, 809),
(810, 1, 2118, 5, 2104, 810),
(811, 1, 984, 1, 2104, 811),
(812, 1, 2120, 5, 2104, 812),
(813, 1, 986, 1, 2104, 813),
(814, 1, 2122, 5, 2104, 814),
(815, 1, 988, 1, 2104, 815),
(816, 1, 2124, 5, 2104, 816),
(817, 1, 990, 1, 2104, 817),
(818, 1, 2126, 5, 2104, 818),
(819, 1, 992, 1, 2104, 819),
(820, 1, 2128, 5, 2104, 820),
(821, 1, 994, 1, 2104, 821),
(822, 1, 2130, 5, 2104, 822),
(823, 1, 2203, 1, 2104, 823),
(824, 1, 2132, 5, 2104, 824),
(825, 1, 996, 1, 2104, 825),
(826, 1, 2134, 5, 2104, 826),
(827, 1, 998, 1, 2104, 827),
(828, 1, 2136, 5, 2104, 828),
(829, 1, 1000, 1, 2104, 829),
(830, 1, 1002, 1, 2104, 830),
(831, 1, 2139, 5, 2104, 831),
(832, 1, 1004, 1, 2104, 832),
(833, 1, 2141, 5, 2104, 833),
(834, 1, 1006, 1, 2104, 834),
(835, 1, 2143, 5, 2104, 835),
(836, 1, 1008, 1, 2104, 836),
(837, 1, 2145, 5, 2104, 837),
(838, 1, 1010, 1, 2104, 838),
(839, 1, 2147, 5, 2104, 839),
(840, 1, 1013, 1, 2104, 840),
(841, 1, 2149, 5, 2104, 841),
(842, 1, 1015, 1, 2104, 842),
(843, 1, 2151, 5, 2104, 843),
(844, 1, 1017, 1, 2104, 844),
(845, 1, 2153, 5, 2104, 845),
(846, 1, 1019, 1, 2104, 846),
(847, 1, 2155, 5, 2104, 847),
(848, 1, 1021, 1, 2104, 848),
(849, 1, 2157, 5, 2104, 849),
(850, 1, 1023, 1, 2104, 850),
(851, 1, 2159, 5, 2104, 851),
(852, 1, 1025, 1, 2104, 852),
(853, 1, 2161, 5, 2104, 853),
(854, 1, 1027, 1, 2104, 854),
(855, 1, 2163, 5, 2104, 855),
(856, 1, 1029, 1, 2104, 856),
(857, 1, 2165, 5, 2104, 857),
(858, 1, 1031, 1, 2104, 858),
(859, 1, 2167, 5, 2104, 859),
(860, 1, 1033, 1, 2104, 860),
(861, 1, 2169, 5, 2104, 861),
(862, 1, 1036, 1, 2104, 862),
(863, 1, 2171, 5, 2104, 863),
(864, 1, 1038, 1, 2104, 864),
(865, 1, 2173, 5, 2104, 865),
(866, 1, 1039, 1, 2104, 866),
(867, 1, 2175, 5, 2104, 867),
(868, 1, 1040, 1, 2104, 868),
(869, 1, 2177, 5, 2104, 869),
(870, 1, 1042, 1, 2104, 870),
(871, 1, 2179, 5, 2104, 871),
(872, 1, 1044, 1, 2104, 872),
(873, 1, 2181, 5, 2104, 873),
(874, 1, 1046, 1, 2104, 874),
(875, 1, 2183, 5, 2104, 875),
(876, 1, 1048, 1, 2104, 876),
(877, 1, 2185, 5, 2104, 877),
(878, 1, 1050, 1, 2104, 878),
(879, 1, 2187, 5, 2104, 879),
(880, 1, 1052, 1, 2104, 880),
(881, 1, 2189, 5, 2104, 881),
(882, 1, 1054, 1, 2104, 882),
(883, 1, 2191, 5, 2104, 883),
(884, 1, 1057, 1, 2104, 884),
(885, 1, 2193, 5, 2104, 885),
(886, 1, 1059, 1, 2104, 886),
(887, 1, 2195, 5, 2104, 887),
(888, 1, 1061, 1, 2104, 888),
(889, 1, 2197, 5, 2104, 889),
(890, 1, 2210, 1, 2104, 890),
(891, 1, 2199, 5, 2104, 891),
(892, 1, 1063, 1, 2104, 892),
(893, 1, 2201, 5, 2104, 893),
(894, 1, 2204, 894),
(895, 1, 2205, 895),
(896, 1, 2206, 896),
(897, 1, 2207, 897),
(898, 1, 2208, 898),
(899, 1, 2209, 899),
(900, 10, 467, 900),
(901, 10, 468, 901),
(902, 7, 595, 3, 769, 902),
(903, 1, 171, 2, 197, 903),
(904, 1, 171, 3, 1233, 904),
(905, 1, 171, 3, 1232, 905),
(906, 1, 171, 3, 2035, 906),
(907, 1, 171, 3, 2034, 907),
(908, 1, 171, 2, 575, 908),
(909, 10, 2211, 20, 633, 2, 573, 2, 549, 15, 567, 909),
(910, 5, 1651, 910),
(911, 10, 541, 911),
(912, 1, 2212, 100, 679, 100, 1841, 100, 677, 100, 1869, 912),
(913, 5, 546, 50, 1272, 913),
(914, 5, 1668, 914),
(915, 10, 545, 915),
(916, 10, 469, 916),
(917, 5, 1734, 917),
(918, 10, 1738, 918),
(919, 1, 551, 1, 1939, 919),
(920, 1, 1678, 920),
(921, 1, 1138, 921),
(922, 1, 1034, 922),
(923, 3, 396, 1, 592, 923),
(924, 5, 1270, 924),
(925, 20, 728, 925),
(926, 25, 735, 926),
(927, 30, 940, 927),
(928, 30, 900, 928),
(929, 40, 907, 929),
(930, 10, 753, 10, 757, 930),
(931, 20, 928, 931),
(932, 10, 842, 10, 768, 932),
(933, 2, 822, 3, 184, 933),
(934, 10, 2213, 10, 2214, 934),
(935, 10, 2213, 10, 2215, 935),
(936, 10, 2213, 10, 2216, 936),
(937, 10, 2214, 10, 2215, 937),
(938, 10, 2214, 10, 2216, 938),
(939, 10, 2215, 10, 2216, 939),
(940, 1, 822, 3, 390, 940),
(941, 2, 822, 3, 425, 941),
(942, 2, 822, 3, 438, 942),
(943, 1, 822, 3, 535, 943),
(944, 2, 822, 3, 536, 944),
(945, 1, 822, 3, 547, 945),
(946, 1, 822, 3, 608, 946),
(947, 2, 822, 3, 670, 947),
(948, 2, 822, 3, 671, 948),
(949, 2, 822, 3, 697, 949),
(950, 2, 822, 3, 721, 950),
(951, 1, 1232, 951),
(952, 1, 2035, 952),
(953, 1, 2034, 953),
(954, 5, 1189, 954),
(955, 5, 1250, 955),
(956, 1, 1295, 956),
(957, 1, 1725, 957),
(958, 1, 1677, 958),
(959, 1, 1199, 959),
(960, 1, 1300, 960),
(961, 1, 1895, 961),
(962, 1, 1578, 962),
(963, 1, 1865, 963),
(964, 1, 1261, 964),
(965, 1, 1746, 965),
(966, 100, 2053, 100, 152, 966),
(967, 1, 2053, 1, 2217, 967),
(968, 100, 2053, 100, 2015, 968),
(969, 100, 2053, 100, 2016, 969),
(970, 100, 2053, 100, 2017, 970),
(971, 100, 2053, 100, 2018, 971),
(972, 1, 2053, 1, 2218, 972),
(973, 100, 2053, 100, 2019, 973),
(974, 10, 1277, 1, 597, 974),
(975, 5, 1735, 975),
(976, 100, 2053, 100, 2012, 976),
(977, 3, 411, 977),
(978, 30, 411, 1, 1941, 978),
(979, 300, 411, 2, 2038, 979),
(980, 3, 412, 980),
(981, 30, 412, 1, 598, 981),
(982, 300, 412, 2, 2040, 982),
(983, 3, 779, 1, 1978, 983),
(984, 5, 196, 984),
(985, 5, 361, 985),
(986, 5, 430, 986),
(987, 5, 597, 987),
(988, 5, 599, 988),
(989, 5, 672, 989),
(990, 5, 1736, 990),
(991, 1, 1233, 991),
(992, 5, 1737, 992),
(993, 3, 838, 3, 779, 3, 773, 1, 2013, 993),
(994, 3, 845, 3, 850, 1, 897, 1, 1940, 994),
(995, 10, 2211, 20, 633, 2, 573, 2, 549, 2, 966, 995),
(996, 1, 2219, 996),
(997, 1, 2220, 997),
(998, 1, 2221, 998),
(999, 1, 2222, 999),
(1000, 1, 2223, 1000),
(1001, 2, 143, 1001),
(1002, 2, 446, 1002),
(1003, 2, 546, 1003),
(1004, 2, 149, 1004),
(1005, 2, 377, 1005),
(1006, 2, 174, 1006),
(1007, 2, 542, 1007),
(1008, 2, 323, 1008),
(1009, 2, 706, 1009),
(1010, 2, 121, 1010),
(1011, 2, 479, 1011),
(1012, 2, 441, 1012),
(1013, 10, 607, 1013),
(1014, 5, 1759, 1014),
(1015, 10, 470, 1015),
(1016, 1, 894, 3, 904, 3, 943, 1, 1940, 1016),
(1017, 20, 739, 1017),
(1018, 20, 746, 1018),
(1019, 10, 749, 1019),
(1020, 20, 865, 1020),
(1021, 20, 876, 1021),
(1022, 20, 903, 1022),
(1023, 20, 924, 1023),
(1024, 3, 768, 1, 1978, 1024),
(1025, 3, 842, 1, 1978, 1025),
(1026, 3, 758, 1, 1978, 1026),
(1027, 5, 1294, 1027),
(1028, 5, 1750, 1028),
(1029, 5, 1500, 1029),
(1030, 5, 1221, 1030),
(1031, 5, 1516, 1031),
(1032, 3, 623, 1032),
(1033, 3, 624, 1033),
(1034, 3, 2224, 1034),
(1035, 1, 2214, 1, 575, 1035),
(1036, 1, 2215, 1, 575, 1036),
(1037, 1, 2213, 1, 575, 1037),
(1038, 3, 767, 1, 1978, 1038),
(1039, 10, 696, 1039),
(1040, 1, 1776, 1, 197, 1040),
(1041, 1, 1776, 1, 575, 1041),
(1042, 7, 591, 3, 769, 1042),
(1043, 5, 465, 5, 1270, 1043),
(1044, 15, 1259, 5, 1876, 1044),
(1045, 20, 2225, 25, 2226, 1045),
(1046, 20, 2225, 15, 2227, 1046),
(1047, 20, 2225, 15, 2228, 1047),
(1048, 20, 2225, 20, 2229, 1048),
(1049, 25, 2226, 15, 2227, 1049),
(1050, 25, 2226, 15, 2228, 1050),
(1051, 25, 2226, 20, 2229, 1051),
(1052, 15, 2227, 15, 2228, 1052),
(1053, 15, 2227, 20, 2229, 1053),
(1054, 20, 2228, 20, 2229, 1054),
(1055, 3, 771, 1, 1978, 1055),
(1056, 3, 833, 1, 1978, 1056),
(1057, 10, 121, 3, 831, 1057),
(1058, 10, 143, 3, 831, 1058),
(1059, 10, 149, 3, 831, 1059),
(1060, 10, 174, 3, 831, 1060),
(1061, 10, 323, 3, 831, 1061),
(1062, 10, 377, 3, 831, 1062),
(1063, 10, 441, 3, 831, 1063),
(1064, 10, 446, 3, 831, 1064),
(1065, 10, 479, 3, 831, 1065),
(1066, 10, 542, 3, 831, 1066),
(1067, 10, 546, 3, 831, 1067),
(1068, 10, 629, 3, 831, 1068),
(1069, 10, 706, 3, 831, 1069),
(1070, 3, 368, 5, 777, 1070),
(1071, 3, 369, 5, 777, 1071),
(1072, 3, 370, 5, 777, 1072),
(1073, 3, 371, 5, 777, 1073),
(1074, 3, 372, 5, 777, 1074),
(1075, 3, 373, 5, 777, 1075),
(1076, 3, 374, 5, 777, 1076),
(1077, 3, 375, 5, 777, 1077),
(1078, 3, 739, 1, 1978, 1078),
(1079, 3, 838, 1, 1978, 1079),
(1080, 1, 663, 1, 1939, 1080),
(1081, 1, 1811, 1081),
(1082, 1, 1159, 1082),
(1083, 1, 1055, 1083),
(1084, 1, 1814, 1084),
(1085, 1, 1160, 1085),
(1086, 1, 1056, 1086),
(1087, 1, 666, 1, 1939, 1087),
(1088, 5, 1197, 1088),
(1089, 5, 1890, 1089),
(1090, 5, 1577, 1090),
(1091, 5, 1468, 1091),
(1092, 5, 1710, 1092),
(1093, 5, 1615, 1093),
(1094, 5, 1867, 1094),
(1095, 10, 471, 1095),
(1096, 10, 472, 1096),
(1097, 5, 1739, 1097),
(1098, 10, 379, 1, 2230, 1098),
(1099, 5, 1724, 1099),
(1100, 5, 1662, 1100),
(1101, 5, 1646, 1101),
(1102, 5, 1200, 1102),
(1103, 1, 2231, 1103),
(1104, 1, 2232, 1104),
(1105, 1, 2233, 1105),
(1106, 1, 2234, 1106),
(1107, 1, 2235, 1107),
(1108, 1, 2236, 1108),
(1109, 1, 2237, 1109),
(1110, 1, 2238, 1110),
(1111, 1, 2239, 1111),
(1112, 1, 2240, 1112),
(1113, 1, 2241, 1113),
(1114, 1, 2250, 1114),
(1115, 1, 2242, 1115),
(1116, 1, 2243, 1116),
(1117, 1, 2244, 1117),
(1118, 1, 2245, 1118),
(1119, 1, 2246, 1119),
(1120, 1, 2247, 1120),
(1121, 1, 2248, 1121),
(1122, 5, 1740, 1122),
(1123, 3, 585, 1, 594, 1123),
(1124, 1, 2249, 1124),
(1125, 1, 2251, 1125),
(1126, 10, 2252, 1, 405, 1126),
(1127, 10, 2253, 1, 604, 1127),
(1128, 10, 1585, 1128),
(1129, 10, 473, 1129),
(1130, 1, 2254, 1.5k, 123, 1130),
(1131, 3, 842, 3, 754, 3, 753, 1, 2013, 1131),
(1132, 5, 1741, 1132),
(1133, 1, 1567, 1133),
(1134, 1, 1581, 1134),
(1135, 1, 1769, 1135),
(1136, 1, 1711, 1136),
(1137, 1, 1566, 1137),
(1138, 1, 1487, 1138),
(1139, 1, 704, 1, 1939, 1139),
(1140, 1, 1870, 1140),
(1141, 1, 1166, 1141),
(1142, 1, 1062, 1142),
(1143, 5, 1877, 1143),
(1144, 10, 705, 1144),
(1145, 10, 1277, 1, 196, 1145),
(1146, 1, 152, 10, 443, 1, 951, 1146),
(1147, 1, 153, 10, 443, 1, 951, 1147),
(1148, 1, 154, 10, 443, 1, 951, 1148),
(1149, 1, 155, 10, 443, 1, 951, 1149),
(1150, 1, 156, 10, 443, 1, 951, 1150),
(1151, 1, 157, 10, 443, 1, 951, 1151),
(1152, 10, 428, 1152),
(1153, 3, 719, 1153),
(1154, 3, 720, 1154),
(1155, 3, 2255, 1155),
(1156, 10, 474, 1156),
