(122, 1, 2259, 1, 2260),
(123, 1, 843, 1, 2261),
(124, 1, 844, 1, 2262),
(125, 1, 845, 1, 2263),
(126, 1, 846, 1, 2264),
(127, 1, 847, 1, 2265),
(128, 1, 848, 1, 2266),
(129, 1, 849, 1, 2267),
(130, 1, 850, 1, 2268),
(131, 1, 851, 1, 2269),
(132, 1, 852, 1, 2270),
(133, 1, 853, 1, 2271),
(134, 1, 854, 1, 2272),
(135, 1, 855, 1, 2273),
(136, 1, 856, 1, 2274),
(137, 1, 857, 1, 2275),
(138, 1, 858, 1, 2276),
(139, 1, 859, 1, 2277),
(140, 1, 860),
(141, 1, 861),
(142, 1, 862),
(143, 1, 863, 1, 1945),
(144, 1, 864, 1, 2278),
(145, 1, 865, 1, 2279),
(146, 1, 866, 1, 2280),
(147, 1, 867, 1, 2281),
(148, 1, 868, 1, 2282),
(149, 1, 869, 1, 2283),
(150, 1, 870, 1, 2284),
(151, 1, 871, 1, 2285),
(152, 1, 872, 1, 2286),
(153, 1, 873, 1, 2287),
(154, 1, 874, 1, 2288),
(155, 1, 875, 1, 2289),
(156, 1, 876, 1, 2290),
(157, 1, 877, 1, 2291),
(158, 1, 878, 1, 2292),
(159, 1, 879),
(160, 1, 880, 1, 2293),
(161, 1, 881, 1, 2294),
(162, 1, 882, 1, 2295),
(163, 1, 883, 1, 2296),
(164, 1, 884, 1, 2297),
(165, 1, 886, 1, 2298),
(166, 1, 887),
(167, 1, 888, 1, 2299),
(168, 1, 889, 1, 2300),
(169, 1, 890, 1, 2301),
(170, 1, 891, 1, 2302),
(171, 1, 892, 1, 2303),
(172, 1, 893, 1, 2304),
(173, 1, 894),
(174, 1, 895, 1, 2305),
(175, 1, 896, 1, 2306),
(176, 1, 897),
(177, 1, 898, 1, 2307),
(178, 1, 899, 1, 2308),
(179, 1, 900, 1, 2309),
(180, 1, 901, 1, 2310),
(181, 1, 902, 1, 2311),
(182, 1, 903, 1, 2312),
(183, 1, 904, 1, 2313),
(184, 1, 905, 1, 2314),
(185, 1, 906, 1, 2315),
(186, 1, 907, 1, 2316),
(187, 1, 908),
(188, 1, 909, 1, 2317),
(189, 1, 910, 1, 2318),
(190, 1, 911, 1, 2319),
(191, 1, 912, 1, 2320),
(192, 1, 913, 1, 2321),
(193, 1, 914, 1, 2322),
(194, 1, 915, 1, 2323),
(195, 1, 916),
(196, 1, 917, 1, 2324),
(197, 1, 918, 1, 2325),
(198, 1, 919, 1, 2326),
(199, 1, 920, 1, 2327),
(200, 1, 921, 1, 2328),
(201, 1, 922, 1, 2329),
(202, 1, 923, 1, 2330),
(203, 1, 924, 1, 2331),
(204, 1, 925),
(205, 1, 926),
(206, 1, 927),
(207, 1, 928, 1, 2332),
(208, 1, 929, 1, 2333),
(209, 1, 930, 1, 2334),
(210, 1, 931, 1, 2335),
(211, 1, 932, 1, 2336),
(212, 1, 933, 1, 2337),
(213, 1, 934, 1, 2338),
(214, 1, 935, 1, 2339),
(215, 1, 936, 1, 2340),
(216, 1, 937, 1, 2341),
(217, 1, 938, 1, 2342),
(218, 1, 939),
(219, 1, 940, 1, 2343),
(220, 1, 941, 1, 2344),
(221, 1, 942, 1, 2345),
(222, 1, 943, 1, 2346),
(223, 1, 944),
(224, 1, 945, 1, 2347),
(225, 1, 946),
