1,
1,
1,
1,
1,
1,
1,
1,
1,
1,
1,
1,
1,
1,
1,
1,
1,
1,
1,
1,
1,
1,
1,
1,
1,
1,
1,
1,
1,
1,
1,
1,
1,
1,
1,
1,
1,
1,
1,
1,
1,
1,
1,
1,
1,
1,
1,
1,
1,
1,
1,
1,
1,
1,
1,
1,
1,
1,
1,
1,
1,
1,
1,
1,
1,
1,
1,
1,
1,
1,
1,
1,
1,
1,
1,
1,
1,
1,
1,
1,
1, 1,
1,
1,
1,
3,
8,
35,
2,
7,
22,
90,
6,
18,
53,
220,
15,
43,
130,
470,
36,
105,
320,
1.38k,
90,
260,
790,
3.42k,
230,
640,
1.92k,
8.34k,
560,
1.6k,
4.75k,
20.4k,
1,
1,
1,
1,
1,
1,
1,
1,
1,
1,
1,
1,
1,
1,
1,
1, 1,
1,
1,
1,
1,
1,
1,
1,
1,
1, 1,
1,
1,
1,
1,
1,
1,
1,
1,
1,
1,
1,
1,
80,
50,
10,
35,
70,
90,
1,
1,
1, 5, 1,
1,
1,
1,
1,
1,
1,
1,
1,
1,
1,
10,
10,
1, 1,
1,
1,
1,
3, 1,
3, 1,
3, 1,
3, 1,
3, 1,
1,
10,
100,
3, 1,
3, 1,
3, 1,
3, 1,
3, 1,
3, 1,
1,
10,
100,
1,
1,
1, 1, 1,
1,
1,
1,
1,
1,
1,
1,
1,
1,
1,
1,
1, 5, 1,
1, 1,
1,
1,
1,
1,
1,
1,
1,
1,
1,
1,
1,
1,
1,
1,
1,
1,
1,
1,
1,
1,
1,
1,
1,
1,
1,
1,
1,
1,
1,
1,
1,
1,
1,
1,
1,
1,
1,
1,
1,
1,
1,
1,
1,
1,
1,
1,
1,
1,
1,
1,
1,
1,
1,
1,
1,
1,
1,
1,
1,
1,
1,
1,
1,
1,
1,
1,
1,
1,
1,
1,
1,
1,
1,
1,
1, 1,
1,
1,
1,
1,
1,
1,
1,
1,
1,
1,
1,
1,
1,
1,
1,
1,
1,
1,
1,
1,
1,
1,
1,
1,
1,
1,
1,
1,
1,
1,
1,
1,
1,
1,
1,
1,
1,
1,
1,
1,
1,
1,
1,
1,
1,
1,
1,
1,
1,
1,
1,
1,
1, 1,
1,
1,
1,
1,
1,
1,
1,
1,
1,
1,
1,
1,
1,
1,
1,
1,
1,
1,
1,
1,
1,
1,
1, 1,
15, 1,
1,
5,
1,
1, 1,
1, 1,
1, 1,
1, 1,
1, 1,
1,
1,
1,
1,
1,
1,
1,
1,
1,
1, 1,
1,
1,
1,
1,
1,
1,
1,
1,
1,
1,
1,
1,
1,
1,
1,
1,
1,
1,
1,
9, 5, 13, 4,
9, 5, 13, 4,
9, 5, 13, 4,
9, 5, 13, 4,
9, 5, 13, 4,
1,
1,
1,
1,
1,
1,
1,
1,
1,
1,
1,
1,
1,
1, 7, 1, 1,
2, 7, 1,
1, 1,
1, 1,
1, 1,
1,
1,
1,
9, 5, 13, 4,
9, 5, 13, 4,
9, 5, 13, 4,
9, 5, 13, 4,
9, 5, 13, 4,
9, 5, 13, 4,
9, 5, 13, 4,
9, 5, 13, 4,
3, 1,
3, 1,
3, 1,
3, 1,
3, 1,
1,
10,
100,
3, 1,
3, 1,
3, 1,
3, 1,
3, 1,
3, 1,
1,
10,
100,
1,
1,
1,
1,
1,
1,
1,
1,
1,
1,
1,
1,
1,
1,
1,
1,
1,
1,
1,
1,
1,
1,
1,
1,
1,
1,
5,
5,
5,
5,
5,
1,
1,
1,
1,
1, 1,
1,
1, 1,
1, 1,
1, 1,
1,
1,
1,
1,
1, 1,
1,
1,
1,
1,
1,
1,
1,
1,
1,
1,
1,
1,
1, 1,
1, 1,
5, 1, 1,
2, 5, 1, 1,
1, 1,
1, 1,
1, 1,
1, 1,
1, 1,
1, 1,
3, 1,
3, 1,
2, 2, 1,
2, 1,
2, 1,
2, 1, 1,
5, 1, 2,
5, 1, 2,
5, 1, 2,
1, 1,
3, 1,
3, 1,
3, 1,
3, 1,
3, 1,
3, 1,
1, 1,
1, 1,
1, 1,
1, 1,
1, 1,
1, 1,
1, 1,
1, 1,
1, 1,
1, 1,
1, 1,
1, 1,
1, 1,
1, 1,
1, 1,
1, 1,
1, 1,
1, 1,
1, 1,
1, 1,
5, 1,
5, 1,
1, 1,
1, 1,
3, 1,
3, 1,
3, 1,
1, 1,
1,
1,
1, 1,
1,
1,
1,
1,
1,
1,
5,
1,
5,
1,
5,
1,
5,
1,
5,
1,
5,
1,
5,
1,
5,
1,
5,
1,
5,
1,
5,
1,
5,
1,
5,
1,
5,
1,
5,
1,
5,
1,
5,
1,
1,
5,
1,
5,
1,
5,
1,
5,
1,
5,
1,
5,
1,
5,
1,
5,
1,
5,
1,
5,
1,
5,
1,
5,
1,
5,
1,
5,
1,
5,
1,
5,
1,
5,
1,
5,
1,
5,
1,
5,
1,
5,
1,
5,
1,
5,
1,
5,
1,
5,
1,
5,
1,
5,
1,
5,
1,
5,
1,
5,
1,
5,
1,
5,
10,
10,
10,
15,
15,
15,
1,
1,
1,
1,
1,
1,
1,
1,
1,
1,
1, 1,
1,
50,
5,
1, 1,
1,
1,
1,
1,
1,
1,
1,
1,
1,
1,
1,
1,
1,
1,
1,
1,
1,
1,
1,
1,
1,
1,
1,
1,
1,
1,
1,
1,
1,
1,
1,
1,
1,
1,
1,
1,
1, 1,
1, 1,
1, 1,
1,
1,
1,
1,
1,
1,
1,
1,
1,
1,
1,
1,
1,
1,
1,
1,
1,
1,
1,
1,
1,
1,
1,
1,
10,
100,
1,
10,
100,
1,
1,
1,
1,
1,
1,
1,
1, 1,
1, 1,
1, 1,
1,
1,
1,
2, 7, 1,
1, 2, 7, 1,
1, 7, 1,
1, 2, 1,
1, 5, 7, 1, 1,
1,
1,
1,
1,
1,
1,
1,
1,
1,
1,
1,
1,
1,
1,
1,
1,
1,
1,
1,
1,
1,
1,
1,
1,
1,
1,
1, 1,
1, 1,
1, 1,
1, 1,
1, 1,
1,
1,
1,
1,
1,
1,
1,
1,
1,
1,
1,
1,
1,
1,
1,
1,
1,
1,
1,
1,
1,
1,
1,
1,
1,
1,
1,
1,
1,
1,
1,
1,
1,
1,
1,
1,
1,
1,
1,
1,
1,
1,
1,
1,
1,
1,
1,
1,
1,
1,
1,
1,
1,
1,
1,
1,
1, 1,
1, 1,
1, 1,
1, 1,
1, 1,
1, 1,
1, 1,
1,
1,
1, 1,
1,
1, 1,
1, 1,
1, 1,
1, 1,
1, 1,
1, 1,
1, 1,
1, 1,
1, 1,
1, 1,
1, 1,
1, 1,
1, 1,
1, 1,
1, 1,
1, 1,
1, 1,
1, 1,
1, 1,
1, 1,
1, 1,
1, 1,
1, 1,
1,
1,
1, 5,
1, 5, 1,
1,
1,
1, 1,
1,
1,
1,
1,
1,
1,
1,
1,
1,
1,
1,
1,
1,
1,
1, 1,
1,
1,
1, 1, 1,
1, 1, 1,
1, 1, 1,
1, 1, 1,
1, 1, 1,
1, 1, 1,
1,
1,
1,
1,
1,