2348
1
2
40
41
42
43
44
45
46
47
48
49
50
51
52
53
54
55
56
57
58
59
60
61
62
63
64
65
66
67
68
69
70
71
72
73
74
75
76
77
78
79
80
82
83
84
85
86
87
88
89
91
92
93
94
95
96
97
98
99
100
101
102
103
104
105
106
107
108
109
110
111
112
113
114
115
116
117
118
120, 121
121
122
123
123
123
123
123
123
123
123
123
123
123
123
123
123
123
123
123
123
123
123
123
123
123
123
123
123
123
123
123
123
123
123
127
128
129
130
131
132
133
134
135
136
137
138
139
140
141
142, 143
143
144
144
145
146
146
146
147
148, 149
149
150
151
152
153
154
155
156
157
158
158
159
160
160
160
160
160
160
161
162
162, 464, 564
163
165
166
167
168
169
170
171
172
172
172
172
173, 174
174
175
177
179, 411
179, 411
179, 411
179, 411
179, 411
179
179
179
180, 412
180, 412
180, 412
180, 412
180, 412
180, 412
180
180
180
181
182
183, 1088, 1064
184
185
186
186
186
187
188
189
191
192
193
193, 470, 570
196, 591
197
197
197
198
199
200
201
202
203
204
205
206
207
208
209
210
211
212
213
214
215
216
217
218
219
220
221
222
223
224
225
226
227
228
229
230
231
232
233
234
235
236
237
238
239
240
241
242
243
244
245
246
247
248
249
250
251
252
253
254
255
256
257
258
259
260
261
262
263
264
265
266
267
268
269, 966
270
271
272
273
274
275
276
277
278
279
280
281
282
283
284
285
286
287
288
289
290
291
292
293
294
295
296
297
298
299
300
301
302
303
304
305
306
307
308
309
310
311
312
313
314
315
316
317
318
319
320
321
322, 323
323
324
729
328
329
331
335
336
338
339
340
342
343
345
346
348
350
351
354
355
356
357
361, 592
361, 592
362
363
364
365, 368
365, 368
366, 369
366, 369
366, 369
367
368
369
370
371
372
373
374
375
376, 377
377
379
380
381
382
382
382
382
383
383
383
384
387
388
389
390
391
392
394
395, 179, 395, 179
395, 179, 395, 179
395, 179, 395, 179
395, 179, 395, 179
395, 179, 395, 179
396
397
399
400
402
402
402
403
403
403
404
404
404
405, 469, 595, 569
405, 469, 595
406, 370
406, 370
406, 370
407
408
409
410, 180, 410, 180
410, 180, 410, 180
410, 180, 410, 180
410, 180, 410, 180
410, 180, 410, 180
410, 180, 410, 180
410, 180, 410, 180
410, 180, 410, 180
411, 588
411, 588
411, 588
411, 588
411, 588
411
411
411
412, 589
412, 589
412, 589
412, 589
412, 589
412, 589
412
412
412
416
417
418
419
420
421
421
421
421
421
421
421
421
421
421
421
421
421
421
421
422
422
423
423
424
425
426
426
426
426
426
427
427
428
429
430, 593
438
439, 371
439, 371
440, 441
441
442
443
444
445, 446
446
448
449
450
451
452
453
454
455
456
457
458
463, 184
464, 390
464, 596, 564
464, 471, 596, 564
464, 390
465, 425
466, 438
467, 535
468, 536
469, 547
469, 594
469, 592
469, 470, 596
469, 548
469, 548
469, 548, 569
469, 548, 571
469, 548, 571
469, 548, 571
470, 608
470, 196
470, 597
470, 599
470, 597
470, 361
470, 672
470, 196
470, 597
470, 599
470, 597
470, 361
470, 672
470, 196
470, 597
470, 599
470, 597
470, 361
470, 672
470, 196
470, 597
470, 599
470, 597
470, 361
470, 672
471, 670
472, 671
472, 573
472, 573
473, 697
473, 572
473, 572
473, 572
473, 572
474, 721
475
477
478, 479
479
480
481
482
483
484
484
485
485
486
486
487
487
488
488
489
489
490
490
491
491
492
492
493
493
494
494
495
495
496
496
497
497
498
498
499
499
500
500
501
502
502
503
503
504
504
505
505
506
506
507
507
508
508
509
509
510
510
511
511
512
512
513
513
514
514
515
515
516
516
517
517
518
518
519
519
520
520
521
521
522
522
523
523
524
524
525
525
526
526
527
527
528
528
529
529
530
530
531
531
532
532
533
533
534
534
534
534
534
534
535
536
537
539
539
539
539
539
539
540
541, 542
542
543
544
545, 546
546
547
548
549
550
551
551
551
552
553
554
555
556
557
558
559
560
561
562
563
563
563
563
563
563
564
565
566
567
568
569
570
571
572
573
574
575, 1175
575, 1175
575, 1175
575
575
576
576
576
576
576
576
576
576
576
576
577
578
579
580
581
582
583
584
585
586
587
588
588
588
589
589
589
590
591
592
593
594
595
596
597, 594
598, 2040
599, 595
600
601
603
604, 464, 161
604, 405, 469, 548
604, 464, 564
604, 464, 594
604, 464, 470, 564, 570
605
605
605
605
605
605
605
605
605
605
605
605
606
607
608
609
610
611
612
613
614
615
616
617
618
619
621, 372
621, 372
621, 372
621, 372
621, 372
622
623
624
625
626
627
628
629
630
630
631
633
634
635
635
635
635
635
635
635
635
635
635
636
637
638
639
640
641
642
643
644
645
646
647
648
649
650
651
652
653
654
655
656
657
658
659
660
662
663
663
663
666
666
666
667
668, 373
668, 373
668, 373
668, 373
669, 374
669, 374
669, 374
670
671
672, 596
673
674, 375
674, 375
674, 375
674, 375
675, 574
675, 574
676, 569
676, 569
677, 566
677, 566
678, 570
678, 570
679, 572
679, 572
680, 566
680, 565
680, 569
680, 574
680, 572
681, 571
681, 571
682, 565
682, 565
683
684
684, 464
684, 470, 570
685
695
696, 629
697
698
699
701
702
702
702
702
702
702
703
704
704
704
705, 706
706
707
709, 2349, 2350
710, 2351, 2352
711, 2353, 2354
712, 2355, 2356
713, 2357, 2358
714, 2359, 2360
715
718
719
720
721